Center block: Ablock of cores in the center force traffic to use the edges as path
code:
#include "stdio.h"
#include "string.h" 

main()
{
	int i,j;
	float k=0;
	FILE *fp;          			//新建文件指针变量fp 
	fp=fopen("8x8ptrace.txt","w+");	//打开文件 8x8.txt 
	
	for(i=1;i<=8;i++)  			//输出节点名称，如 P_1_1 
	{
		for(j=1;j<=8;j++)
		{
			if(i==8&&j==8)
				fprintf(fp,"P_%d_%d",i,j);
			else
				fprintf(fp,"P_%d_%d\t\t",i,j);
		}
	}
	fprintf(fp,"\n"); 			//换行 
	
	float power(int t)
	{
		float power;
//		if(t<=25)
//			power=1.9;
//		else if(t<=50)
//			power=1.9;
//		else
//			power=1.9;
	    power=1.9;
	    return power;
	}
	
	for(i=1;i<=1000;i++)  			//输入各个节点的功率 
	{
		fprintf(fp,"%f\t%f\t%f\t%f\t%f\t%f\t%f\t%f\t",k,k,k,k,k,k,k,k);  				//P_1_1 to P_1_8 
		fprintf(fp,"%f\t%f\t%f\t%f\t%f\t%f\t%f\t%f\t",k,k,k,k,k,k,k,k);
		fprintf(fp,"%f\t%f\t%f\t%f\t%f\t%f\t%f\t%f\t",k,k,power(i),power(i),power(i),power(i),k,k);
		fprintf(fp,"%f\t%f\t%f\t%f\t%f\t%f\t%f\t%f\t",k,k,power(i),power(i),power(i),power(i),k,k);
		fprintf(fp,"%f\t%f\t%f\t%f\t%f\t%f\t%f\t%f\t",k,k,power(i),power(i),power(i),power(i),k,k);
		fprintf(fp,"%f\t%f\t%f\t%f\t%f\t%f\t%f\t%f\t",k,k,power(i),power(i),power(i),power(i),k,k);
		fprintf(fp,"%f\t%f\t%f\t%f\t%f\t%f\t%f\t%f\t",k,k,k,k,k,k,k,k);
		fprintf(fp,"%f\t%f\t%f\t%f\t%f\t%f\t%f\t%f",k,k,k,k,k,k,k,k);  //P_8_1 to P_8_8 
		fprintf(fp,"\n");
	}
	
	fclose(fp);      //关闭文件 
 } 

ptrace生成的节点温度如下：最低为59.33，最高为71.2，单位摄氏度
		59.45,59.69,59.94,60.09,60.09,59.94,59.69,59.45,
                59.69,60.20,61.13,61.50,61.50,61.13,60.20,59.69,
                59.94,61.13,68.96,69.96,69.96,68.96,61.13,59.94,
                60.09,61.50,69.96,71.16,71.16,69.96,61.50,60.09,
                60.09,61.50,69.96,71.16,71.16,69.96,61.50,60.09,
                59.94,61.13,68.96,69.96,69.96,68.96,61.13,59.94,
                59.69,60.20,61.13,61.50,61.50,61.13,60.20,59.69,
                59.45,59.69,59.94,60.09,60.09,59.94,59.69,59.45,

Test 1: src 24 to des 60, the best is 23.458, the worst is xy 26.5952, optimising rate is 11.80%
26.5952	24	25	26	27	28	36	44	52	60	
26.4207	24	32	40	48	49	57	58	59	60	
25.9797	24	32	40	48	49	50	51	52	60	
24.785	24	25	33	41	49	57	58	59	60	
23.458	24	32	40	48	56	57	58	59	60

Test 2: src 32 to des 4, the best is 24.8029, the worst is xy 29.5563, xy power is 27.3993, optimising rate is 9.48%
29.5563	32	24	16	8	9	1	2	3	4	
27.4713	32	33	25	17	9	1	2	3	4	
27.4713	32	24	16	8	9	10	11	12	4	
27.3993	32	33	34	35	36	28	20	12	4	
24.8029	32	24	16	8	0	1	2	3	4	

Test 3: src 48 to des 5, the best is xy 27.244, the worst is yx 30.8327
30.8327	48	40	32	24	16	8	0	1	2	3	4	5	
30.6755	48	49	50	51	43	35	27	19	11	3	4	5	
30.6363	48	49	50	42	34	26	18	10	2	3	4	5	
30.5109	48	49	50	51	52	44	36	28	20	12	4	5	
27.244	48	49	50	51	52	53	45	37	29	21	13	5
//question:为什么xy转弯处的温度高，反而比yx转弯处温度低的功耗还低？是因为edge上的功耗更高吗？

Test 4: src 59 to des 31, the best is xy 23.61, the worst is yx 28.5922
28.5922	59	51	43	35	27	28	29	30	31	
28.3634	59	60	61	62	54	55	47	39	31	
27.4713	59	51	52	53	54	55	47	39	31	
27.4713	59	60	61	62	54	46	38	30	31	
23.61	59	60	61	62	63	55	47	39	31	





